 
 Köpmansgatan 8,                                           Longitude E013 00
                                                            Latitude   N55 34
 Times are in Standard time = GMT + 01h 00m                 Time zone -  1  0

  Civil Date   Twilight  Sunrise  Transit Shadow 1 Shadow 2  Sunset  Twilight    

 Year mth   d     h  m     h  m     h  m     h  m     h  m     h  m     h  m 
 2019   3   5    05 09    06 50    12 20    15 08    15 52    17 50    19 31
 2019   3   6    05 07    06 47    12 19    15 10    15 54    17 52    19 33
 2019   3   7    05 04    06 45    12 19    15 11    15 56    17 54    19 35
 2019   3   8    05 02    06 42    12 19    15 12    15 58    17 57    19 38
 2019   3   9    04 59    06 40    12 19    15 14    15 59    17 59    19 40
 2019   3  10    04 56    06 37    12 18    15 15    16 01    18 01    19 42
 2019   3  11    04 54    06 35    12 18    15 17    16 03    18 03    19 44
 2019   3  12    04 51    06 32    12 18    15 18    16 05    18 05    19 46
 2019   3  13    04 48    06 29    12 18    15 19    16 06    18 07    19 48
 2019   3  14    04 46    06 27    12 17    15 21    16 08    18 09    19 51
 2019   3  15    04 43    06 24    12 17    15 22    16 10    18 11    19 53
 2019   3  16    04 40    06 22    12 17    15 23    16 11    18 13    19 55
 2019   3  17    04 37    06 19    12 16    15 25    16 13    18 15    19 57
 2019   3  18    04 34    06 17    12 16    15 26    16 15    18 17    20 00
 2019   3  19    04 32    06 14    12 16    15 27    16 16    18 19    20 02
 2019   3  20    04 29    06 11    12 16    15 28    16 18    18 21    20 04
 2019   3  21    04 26    06 09    12 15    15 30    16 19    18 23    20 06
 2019   3  22    04 23    06 06    12 15    15 31    16 21    18 25    20 09
 2019   3  23    04 20    06 04    12 15    15 32    16 23    18 27    20 11
 2019   3  24    04 17    06 01    12 14    15 33    16 24    18 29    20 13
 2019   3  25    04 14    05 58    12 14    15 34    16 26    18 31    20 16
 2019   3  26    04 11    05 56    12 14    15 36    16 27    18 33    20 18
 2019   3  27    04 08    05 53    12 13    15 37    16 29    18 35    20 21
 2019   3  28    04 05    05 51    12 13    15 38    16 30    18 37    20 23
 2019   3  29    04 02    05 48    12 13    15 39    16 32    18 39    20 26
 2019   3  30    03 59    05 45    12 13    15 40    16 33    18 41    20 28
 2019   3  31    03 56    05 43    12 12    15 41    16 35    18 43    20 31
 2019   4   1    03 53    05 40    12 12    15 43    16 36    18 45    20 33
 2019   4   2    03 50    05 38    12 12    15 44    16 38    18 47    20 36
 2019   4   3    03 46    05 35    12 11    15 45    16 39    18 49    20 38
 2019   4   4    03 43    05 32    12 11    15 46    16 41    18 51    20 41
 2019   4   5    03 40    05 30    12 11    15 47    16 42    18 53    20 44
 2019   4   6    03 37    05 27    12 11    15 48    16 44    18 55    20 46
 2019   4   7    03 34    05 25    12 10    15 49    16 45    18 57    20 49
 2019   4   8    03 30    05 22    12 10    15 50    16 46    18 59    20 52
 2019   4   9    03 27    05 20    12 10    15 51    16 48    19 01    20 54
 2019   4  10    03 24    05 17    12 09    15 52    16 49    19 03    20 57
 2019   4  11    03 20    05 15    12 09    15 53    16 51    19 05    21 00
 2019   4  12    03 17    05 12    12 09    15 54    16 52    19 07    21 03
 2019   4  13    03 14    05 10    12 09    15 55    16 53    19 09    21 06
 2019   4  14    03 10    05 07    12 08    15 56    16 55    19 11    21 09
 2019   4  15    03 07    05 05    12 08    15 57    16 56    19 13    21 12
 2019   4  16    03 03    05 02    12 08    15 58    16 57    19 15    21 15
 2019   4  17    03 00    05 00    12 08    15 59    16 59    19 17    21 18
 2019   4  18    02 56    04 57    12 07    16 00    17 00    19 19    21 21
 2019   4  19    02 53    04 55    12 07    16 01    17 01    19 21    21 24
 2019   4  20    02 49    04 52    12 07    16 02    17 03    19 23    21 27
 2019   4  21    02 46    04 50    12 07    16 03    17 04    19 25    21 31
 2019   4  22    02 42    04 48    12 07    16 04    17 05    19 27    21 34
 2019   4  23    02 38    04 45    12 06    16 05    17 07    19 29    21 37
 2019   4  24    02 34    04 43    12 06    16 06    17 08    19 31    21 41
 2019   4  25    02 31    04 40    12 06    16 07    17 09    19 33    21 44
 2019   4  26    02 27    04 38    12 06    16 07    17 10    19 35    21 48
 2019   4  27    02 23    04 36    12 06    16 08    17 12    19 37    21 52

 Twilight = Times of Twilights when the altitude of the Sun is -15 00
 Shadow 1 = Times when the length of the shadow cast by a vertical stick is
            equal to its length plus length of its shadow at transit
 Shadow 2 = Times when the length of the shadow cast by a vertical stick is
            equal to twice its length plus length of its shadow at transit
 Transit  = Time of Meridian passage of Sun
 
 © Crown Copyright.  This information is protected by international copyright law. No part of
 this information may be reproduced, stored in a retrieval system or transmitted in any form
 or by any means, electronic, mechanical, photocopying, recording or otherwise without prior
 permission from The UK Hydrographic Office, Admiralty Way, Taunton, TA1 2DN, United Kingdom
 (www.ukho.gov.uk). Data generated using algorithms developed by HM Nautical Almanac Office.
 

 Computed on  5-Mar-2019

 Köpmansgatan 8,                                           Longitude E013 00
                                                            Latitude   N55 34
 Times are in Standard time = GMT + 01h 00m                 Time zone -  1  0

  Civil Date   Twilight  Sunrise  Transit Shadow 1 Shadow 2  Sunset  Twilight    

 Year mth   d     h  m     h  m     h  m     h  m     h  m     h  m     h  m 
 2019   4  28    02 19    04 33    12 06    16 09    17 13    19 39    21 55
 2019   4  29    02 15    04 31    12 05    16 10    17 14    19 41    21 59
 2019   4  30    02 11    04 29    12 05    16 11    17 15    19 43    22 03
 2019   5   1    02 07    04 27    12 05    16 12    17 17    19 45    22 07
 2019   5   2    02 02    04 24    12 05    16 13    17 18    19 47    22 11
 2019   5   3    01 58    04 22    12 05    16 13    17 19    19 49    22 15
 2019   5   4    01 54    04 20    12 05    16 14    17 20    19 51    22 20
 2019   5   5    01 49    04 18    12 05    16 15    17 21    19 53    22 24
 2019   5   6    01 45    04 16    12 05    16 16    17 23    19 55    22 29
 2019   5   7    01 40    04 14    12 05    16 17    17 24    19 57    22 34
 2019   5   8    01 35    04 12    12 05    16 17    17 25    19 59    22 39
 2019   5   9    01 30    04 10    12 04    16 18    17 26    20 00    22 44
 2019   5  10    01 25    04 08    12 04    16 19    17 27    20 02    22 49
 2019   5  11    01 19    04 06    12 04    16 20    17 28    20 04    22 55
 2019   5  12    01 13    04 04    12 04    16 20    17 29    20 06    23 01
 2019   5  13    01 07    04 02    12 04    16 21    17 30    20 08    23 08
 2019   5  14    01 00    04 00    12 04    16 22    17 31    20 10    23 16
 2019   5  15    00 52    03 58    12 04    16 23    17 32    20 12    23 25
 2019   5  16    00 43    03 56    12 04    16 23    17 33    20 14    23 36
 2019   5  17    00 32    03 55    12 04    16 24    17 35    20 15    24 00
 2019   5  18    00 08    03 53    12 04    16 25    17 36    20 17    @7 39
 2019   5  19    @7 39    03 51    12 04    16 26    17 37    20 19    @7 39
 2019   5  20    @7 39    03 50    12 05    16 26    17 37    20 21    @7 39
 2019   5  21    @7 39    03 48    12 05    16 27    17 38    20 22    @7 39
 2019   5  22    @7 39    03 46    12 05    16 28    17 39    20 24    @7 39
 2019   5  23    @7 39    03 45    12 05    16 28    17 40    20 26    @7 39
 2019   5  24    @7 39    03 43    12 05    16 29    17 41    20 27    @7 39
 2019   5  25    @7 39    03 42    12 05    16 29    17 42    20 29    @7 39
 2019   5  26    @7 39    03 41    12 05    16 30    17 43    20 30    @7 39
 2019   5  27    @7 39    03 39    12 05    16 31    17 44    20 32    @7 39
 2019   5  28    @7 39    03 38    12 05    16 31    17 45    20 33    @7 39
 2019   5  29    @7 39    03 37    12 05    16 32    17 46    20 35    @7 39
 2019   5  30    @7 39    03 36    12 05    16 32    17 46    20 36    @7 39
 2019   5  31    @7 39    03 34    12 06    16 33    17 47    20 38    @7 39
 2019   6   1    @7 39    03 33    12 06    16 34    17 48    20 39    @7 39
 2019   6   2    @7 39    03 32    12 06    16 34    17 49    20 40    @7 39
 2019   6   3    @7 39    03 31    12 06    16 35    17 49    20 42    @7 39
 2019   6   4    @7 39    03 30    12 06    16 35    17 50    20 43    @7 39
 2019   6   5    @7 39    03 30    12 06    16 36    17 51    20 44    @7 39
 2019   6   6    @7 39    03 29    12 07    16 36    17 51    20 45    @7 39
 2019   6   7    @7 39    03 28    12 07    16 37    17 52    20 46    @7 39
 2019   6   8    @7 39    03 27    12 07    16 37    17 53    20 47    @7 39
 2019   6   9    @7 39    03 27    12 07    16 38    17 53    20 48    @7 39
 2019   6  10    @7 39    03 26    12 07    16 38    17 54    20 49    @7 39
 2019   6  11    @7 39    03 26    12 08    16 38    17 54    20 50    @7 39
 2019   6  12    @7 39    03 25    12 08    16 39    17 55    20 51    @7 39
 2019   6  13    @7 39    03 25    12 08    16 39    17 55    20 51    @7 39
 2019   6  14    @7 39    03 25    12 08    16 39    17 56    20 52    @7 39
 2019   6  15    @7 39    03 24    12 08    16 40    17 56    20 53    @7 39
 2019   6  16    @7 39    03 24    12 09    16 40    17 56    20 53    @7 39
 2019   6  17    @7 39    03 24    12 09    16 40    17 57    20 54    @7 39
 2019   6  18    @7 39    03 24    12 09    16 41    17 57    20 54    @7 39
 2019   6  19    @7 39    03 24    12 09    16 41    17 57    20 55    @7 39
 2019   6  20    @7 39    03 24    12 10    16 41    17 58    20 55    @7 39

 Twilight = Times of Twilights when the altitude of the Sun is -15 00
 Shadow 1 = Times when the length of the shadow cast by a vertical stick is
            equal to its length plus length of its shadow at transit
 Shadow 2 = Times when the length of the shadow cast by a vertical stick is
            equal to twice its length plus length of its shadow at transit
 Transit  = Time of Meridian passage of Sun
 
 © Crown Copyright.  This information is protected by international copyright law. No part of
 this information may be reproduced, stored in a retrieval system or transmitted in any form
 or by any means, electronic, mechanical, photocopying, recording or otherwise without prior
 permission from The UK Hydrographic Office, Admiralty Way, Taunton, TA1 2DN, United Kingdom
 (www.ukho.gov.uk). Data generated using algorithms developed by HM Nautical Almanac Office.
 

 Computed on  5-Mar-2019

 Köpmansgatan 8,                                           Longitude E013 00
                                                            Latitude   N55 34
 Times are in Standard time = GMT + 01h 00m                 Time zone -  1  0

  Civil Date   Twilight  Sunrise  Transit Shadow 1 Shadow 2  Sunset  Twilight    

 Year mth   d     h  m     h  m     h  m     h  m     h  m     h  m     h  m 
 2019   6  21    @7 39    03 24    12 10    16 41    17 58    20 55    @7 39
 2019   6  22    @7 39    03 25    12 10    16 42    17 58    20 55    @7 39
 2019   6  23    @7 39    03 25    12 10    16 42    17 58    20 55    @7 39
 2019   6  24    @7 39    03 25    12 10    16 42    17 58    20 55    @7 39
 2019   6  25    @7 39    03 26    12 11    16 42    17 58    20 55    @7 39
 2019   6  26    @7 39    03 26    12 11    16 42    17 59    20 55    @7 39
 2019   6  27    @7 39    03 27    12 11    16 42    17 59    20 55    @7 39
 2019   6  28    @7 39    03 27    12 11    16 42    17 59    20 55    @7 39
 2019   6  29    @7 39    03 28    12 11    16 42    17 59    20 55    @7 39
 2019   6  30    @7 39    03 29    12 12    16 43    17 58    20 54    @7 39
 2019   7   1    @7 39    03 29    12 12    16 43    17 58    20 54    @7 39
 2019   7   2    @7 39    03 30    12 12    16 42    17 58    20 53    @7 39
 2019   7   3    @7 39    03 31    12 12    16 42    17 58    20 53    @7 39
 2019   7   4    @7 39    03 32    12 12    16 42    17 58    20 52    @7 39
 2019   7   5    @7 39    03 33    12 13    16 42    17 58    20 52    @7 39
 2019   7   6    @7 39    03 34    12 13    16 42    17 57    20 51    @7 39
 2019   7   7    @7 39    03 35    12 13    16 42    17 57    20 50    @7 39
 2019   7   8    @7 39    03 36    12 13    16 42    17 57    20 49    @7 39
 2019   7   9    @7 39    03 37    12 13    16 42    17 56    20 48    @7 39
 2019   7  10    @7 39    03 38    12 13    16 41    17 56    20 47    @7 39
 2019   7  11    @7 39    03 40    12 13    16 41    17 55    20 46    @7 39
 2019   7  12    @7 39    03 41    12 14    16 41    17 55    20 45    @7 39
 2019   7  13    @7 39    03 42    12 14    16 41    17 54    20 44    @7 39
 2019   7  14    @7 39    03 44    12 14    16 40    17 54    20 43    @7 39
 2019   7  15    @7 39    03 45    12 14    16 40    17 53    20 42    @7 39
 2019   7  16    @7 39    03 47    12 14    16 40    17 53    20 41    @7 39
 2019   7  17    @7 39    03 48    12 14    16 39    17 52    20 39    @7 39
 2019   7  18    @7 39    03 50    12 14    16 39    17 51    20 38    @7 39
 2019   7  19    @7 39    03 51    12 14    16 38    17 51    20 36    @7 39
 2019   7  20    @7 39    03 53    12 14    16 38    17 50    20 35    @7 39
 2019   7  21    @7 39    03 54    12 14    16 37    17 49    20 33    @7 39
 2019   7  22    @7 39    03 56    12 14    16 37    17 48    20 32    @7 39
 2019   7  23    @7 39    03 58    12 14    16 36    17 47    20 30    @7 39
 2019   7  24    @7 39    03 59    12 15    16 35    17 46    20 29    @7 39
 2019   7  25    @7 39    04 01    12 15    16 35    17 46    20 27    @7 39
 2019   7  26    @7 39    04 03    12 15    16 34    17 45    20 25    23 56
 2019   7  27    00 34    04 04    12 15    16 33    17 44    20 23    23 42
 2019   7  28    00 48    04 06    12 15    16 33    17 43    20 22    23 32
 2019   7  29    00 58    04 08    12 14    16 32    17 42    20 20    23 23
 2019   7  30    01 06    04 10    12 14    16 31    17 40    20 18    23 16
 2019   7  31    01 13    04 12    12 14    16 30    17 39    20 16    23 09
 2019   8   1    01 20    04 13    12 14    16 30    17 38    20 14    23 03
 2019   8   2    01 26    04 15    12 14    16 29    17 37    20 12    22 58
 2019   8   3    01 32    04 17    12 14    16 28    17 36    20 10    22 52
 2019   8   4    01 37    04 19    12 14    16 27    17 34    20 08    22 47
 2019   8   5    01 42    04 21    12 14    16 26    17 33    20 06    22 42
 2019   8   6    01 47    04 23    12 14    16 25    17 32    20 04    22 37
 2019   8   7    01 51    04 24    12 14    16 24    17 31    20 02    22 32
 2019   8   8    01 56    04 26    12 14    16 23    17 29    20 00    22 28
 2019   8   9    02 00    04 28    12 14    16 22    17 28    19 58    22 23
 2019   8  10    02 04    04 30    12 13    16 21    17 26    19 55    22 19
 2019   8  11    02 08    04 32    12 13    16 20    17 25    19 53    22 15
 2019   8  12    02 12    04 34    12 13    16 19    17 23    19 51    22 10
 2019   8  13    02 16    04 36    12 13    16 18    17 22    19 49    22 06

 Twilight = Times of Twilights when the altitude of the Sun is -15 00
 Shadow 1 = Times when the length of the shadow cast by a vertical stick is
            equal to its length plus length of its shadow at transit
 Shadow 2 = Times when the length of the shadow cast by a vertical stick is
            equal to twice its length plus length of its shadow at transit
 Transit  = Time of Meridian passage of Sun
 
 © Crown Copyright.  This information is protected by international copyright law. No part of
 this information may be reproduced, stored in a retrieval system or transmitted in any form
 or by any means, electronic, mechanical, photocopying, recording or otherwise without prior
 permission from The UK Hydrographic Office, Admiralty Way, Taunton, TA1 2DN, United Kingdom
 (www.ukho.gov.uk). Data generated using algorithms developed by HM Nautical Almanac Office.
 

 Computed on  5-Mar-2019

 Köpmansgatan 8,                                           Longitude E013 00
                                                            Latitude   N55 34
 Times are in Standard time = GMT + 01h 00m                 Time zone -  1  0

  Civil Date   Twilight  Sunrise  Transit Shadow 1 Shadow 2  Sunset  Twilight    

 Year mth   d     h  m     h  m     h  m     h  m     h  m     h  m     h  m 
 2019   8  14    02 20    04 38    12 13    16 16    17 20    19 46    22 02
 2019   8  15    02 24    04 40    12 13    16 15    17 19    19 44    21 58
 2019   8  16    02 27    04 42    12 12    16 14    17 17    19 42    21 54
 2019   8  17    02 31    04 43    12 12    16 13    17 16    19 39    21 50
 2019   8  18    02 34    04 45    12 12    16 12    17 14    19 37    21 47
 2019   8  19    02 38    04 47    12 12    16 10    17 12    19 35    21 43
 2019   8  20    02 41    04 49    12 11    16 09    17 11    19 32    21 39
 2019   8  21    02 44    04 51    12 11    16 08    17 09    19 30    21 35
 2019   8  22    02 48    04 53    12 11    16 06    17 07    19 27    21 32
 2019   8  23    02 51    04 55    12 11    16 05    17 05    19 25    21 28
 2019   8  24    02 54    04 57    12 10    16 03    17 04    19 23    21 24
 2019   8  25    02 57    04 59    12 10    16 02    17 02    19 20    21 21
 2019   8  26    03 00    05 01    12 10    16 01    17 00    19 18    21 17
 2019   8  27    03 03    05 03    12 10    15 59    16 58    19 15    21 14
 2019   8  28    03 06    05 05    12 09    15 58    16 56    19 13    21 10
 2019   8  29    03 09    05 07    12 09    15 56    16 54    19 10    21 07
 2019   8  30    03 12    05 08    12 09    15 54    16 53    19 08    21 03
 2019   8  31    03 14    05 10    12 08    15 53    16 51    19 05    21 00
 2019   9   1    03 17    05 12    12 08    15 51    16 49    19 03    20 57
 2019   9   2    03 20    05 14    12 08    15 50    16 47    19 00    20 53
 2019   9   3    03 23    05 16    12 07    15 48    16 45    18 57    20 50
 2019   9   4    03 25    05 18    12 07    15 47    16 43    18 55    20 47
 2019   9   5    03 28    05 20    12 07    15 45    16 41    18 52    20 43
 2019   9   6    03 31    05 22    12 06    15 43    16 39    18 50    20 40
 2019   9   7    03 33    05 24    12 06    15 42    16 37    18 47    20 37
 2019   9   8    03 36    05 26    12 06    15 40    16 35    18 45    20 34
 2019   9   9    03 38    05 28    12 05    15 38    16 33    18 42    20 31
 2019   9  10    03 41    05 30    12 05    15 36    16 31    18 39    20 27
 2019   9  11    03 43    05 31    12 05    15 35    16 28    18 37    20 24
 2019   9  12    03 46    05 33    12 04    15 33    16 26    18 34    20 21
 2019   9  13    03 48    05 35    12 04    15 31    16 24    18 32    20 18
 2019   9  14    03 50    05 37    12 04    15 29    16 22    18 29    20 15
 2019   9  15    03 53    05 39    12 03    15 28    16 20    18 26    20 12
 2019   9  16    03 55    05 41    12 03    15 26    16 18    18 24    20 09
 2019   9  17    03 58    05 43    12 03    15 24    16 16    18 21    20 06
 2019   9  18    04 00    05 45    12 02    15 22    16 13    18 18    20 03
 2019   9  19    04 02    05 47    12 02    15 20    16 11    18 16    20 00
 2019   9  20    04 04    05 49    12 01    15 18    16 09    18 13    19 57
 2019   9  21    04 07    05 51    12 01    15 17    16 07    18 11    19 54
 2019   9  22    04 09    05 52    12 01    15 15    16 05    18 08    19 51
 2019   9  23    04 11    05 54    12 00    15 13    16 02    18 05    19 48
 2019   9  24    04 13    05 56    12 00    15 11    16 00    18 03    19 45
 2019   9  25    04 15    05 58    12 00    15 09    15 58    18 00    19 42
 2019   9  26    04 18    06 00    11 59    15 07    15 56    17 58    19 40
 2019   9  27    04 20    06 02    11 59    15 05    15 53    17 55    19 37
 2019   9  28    04 22    06 04    11 59    15 03    15 51    17 52    19 34
 2019   9  29    04 24    06 06    11 58    15 02    15 49    17 50    19 31
 2019   9  30    04 26    06 08    11 58    15 00    15 47    17 47    19 28
 2019  10   1    04 28    06 10    11 58    14 58    15 44    17 45    19 26
 2019  10   2    04 30    06 12    11 57    14 56    15 42    17 42    19 23
 2019  10   3    04 32    06 14    11 57    14 54    15 40    17 39    19 20
 2019  10   4    04 35    06 16    11 57    14 52    15 38    17 37    19 18
 2019  10   5    04 37    06 18    11 56    14 50    15 35    17 34    19 15
 2019  10   6    04 39    06 20    11 56    14 48    15 33    17 32    19 12

 Twilight = Times of Twilights when the altitude of the Sun is -15 00
 Shadow 1 = Times when the length of the shadow cast by a vertical stick is
            equal to its length plus length of its shadow at transit
 Shadow 2 = Times when the length of the shadow cast by a vertical stick is
            equal to twice its length plus length of its shadow at transit
 Transit  = Time of Meridian passage of Sun
 
 © Crown Copyright.  This information is protected by international copyright law. No part of
 this information may be reproduced, stored in a retrieval system or transmitted in any form
 or by any means, electronic, mechanical, photocopying, recording or otherwise without prior
 permission from The UK Hydrographic Office, Admiralty Way, Taunton, TA1 2DN, United Kingdom
 (www.ukho.gov.uk). Data generated using algorithms developed by HM Nautical Almanac Office.
 

 Computed on  5-Mar-2019

 Köpmansgatan 8,                                           Longitude E013 00
                                                            Latitude   N55 34
 Times are in Standard time = GMT + 01h 00m                 Time zone -  1  0

  Civil Date   Twilight  Sunrise  Transit Shadow 1 Shadow 2  Sunset  Twilight    

 Year mth   d     h  m     h  m     h  m     h  m     h  m     h  m     h  m 
 2019  10   7    04 41    06 22    11 56    14 46    15 31    17 29    19 10
 2019  10   8    04 43    06 24    11 56    14 44    15 29    17 27    19 07
 2019  10   9    04 45    06 26    11 55    14 42    15 26    17 24    19 05
 2019  10  10    04 47    06 28    11 55    14 40    15 24    17 22    19 02
 2019  10  11    04 49    06 30    11 55    14 39    15 22    17 19    19 00
 2019  10  12    04 51    06 32    11 55    14 37    15 20    17 16    18 57
 2019  10  13    04 53    06 34    11 54    14 35    15 17    17 14    18 55
 2019  10  14    04 55    06 36    11 54    14 33    15 15    17 12    18 52
 2019  10  15    04 57    06 38    11 54    14 31    15 13    17 09    18 50
 2019  10  16    04 58    06 40    11 54    14 29    15 11    17 07    18 47
 2019  10  17    05 00    06 42    11 53    14 27    15 09    17 04    18 45
 2019  10  18    05 02    06 44    11 53    14 25    15 06    17 02    18 43
 2019  10  19    05 04    06 46    11 53    14 23    15 04    16 59    18 41
 2019  10  20    05 06    06 48    11 53    14 22    15 02    16 57    18 38
 2019  10  21    05 08    06 50    11 53    14 20    15 00    16 55    18 36
 2019  10  22    05 10    06 52    11 52    14 18    14 58    16 52    18 34
 2019  10  23    05 12    06 54    11 52    14 16    14 56    16 50    18 32
 2019  10  24    05 14    06 56    11 52    14 14    14 53    16 48    18 30
 2019  10  25    05 16    06 58    11 52    14 13    14 51    16 45    18 27
 2019  10  26    05 18    07 00    11 52    14 11    14 49    16 43    18 25
 2019  10  27    05 19    07 02    11 52    14 09    14 47    16 41    18 23
 2019  10  28    05 21    07 04    11 52    14 07    14 45    16 38    18 21
 2019  10  29    05 23    07 06    11 52    14 06    14 43    16 36    18 19
 2019  10  30    05 25    07 08    11 52    14 04    14 41    16 34    18 17
 2019  10  31    05 27    07 11    11 52    14 02    14 39    16 32    18 15
 2019  11   1    05 29    07 13    11 52    14 01    14 37    16 30    18 14
 2019  11   2    05 30    07 15    11 52    13 59    14 35    16 28    18 12
 2019  11   3    05 32    07 17    11 52    13 57    14 33    16 25    18 10
 2019  11   4    05 34    07 19    11 52    13 56    14 31    16 23    18 08
 2019  11   5    05 36    07 21    11 52    13 54    14 29    16 21    18 06
 2019  11   6    05 38    07 23    11 52    13 53    14 27    16 19    18 05
 2019  11   7    05 39    07 25    11 52    13 51    14 26    16 17    18 03
 2019  11   8    05 41    07 27    11 52    13 50    14 24    16 15    18 01
 2019  11   9    05 43    07 29    11 52    13 48    14 22    16 13    18 00
 2019  11  10    05 45    07 31    11 52    13 47    14 20    16 12    17 58
 2019  11  11    05 46    07 33    11 52    13 46    14 19    16 10    17 57
 2019  11  12    05 48    07 36    11 52    13 44    14 17    16 08    17 55
 2019  11  13    05 50    07 38    11 52    13 43    14 15    16 06    17 54
 2019  11  14    05 51    07 40    11 52    13 42    14 14    16 04    17 52
 2019  11  15    05 53    07 42    11 52    13 40    14 12    16 03    17 51
 2019  11  16    05 55    07 44    11 53    13 39    14 11    16 01    17 50
 2019  11  17    05 56    07 46    11 53    13 38    14 09    15 59    17 49
 2019  11  18    05 58    07 48    11 53    13 37    14 08    15 58    17 47
 2019  11  19    06 00    07 50    11 53    13 36    14 07    15 56    17 46
 2019  11  20    06 01    07 52    11 53    13 35    14 05    15 55    17 45
 2019  11  21    06 03    07 54    11 54    13 34    14 04    15 53    17 44
 2019  11  22    06 04    07 55    11 54    13 33    14 03    15 52    17 43
 2019  11  23    06 06    07 57    11 54    13 32    14 01    15 51    17 42
 2019  11  24    06 07    07 59    11 55    13 31    14 00    15 49    17 41
 2019  11  25    06 09    08 01    11 55    13 30    13 59    15 48    17 40
 2019  11  26    06 10    08 03    11 55    13 29    13 58    15 47    17 39
 2019  11  27    06 12    08 05    11 55    13 28    13 57    15 46    17 39
 2019  11  28    06 13    08 06    11 56    13 28    13 56    15 45    17 38
 2019  11  29    06 15    08 08    11 56    13 27    13 55    15 44    17 37

 Twilight = Times of Twilights when the altitude of the Sun is -15 00
 Shadow 1 = Times when the length of the shadow cast by a vertical stick is
            equal to its length plus length of its shadow at transit
 Shadow 2 = Times when the length of the shadow cast by a vertical stick is
            equal to twice its length plus length of its shadow at transit
 Transit  = Time of Meridian passage of Sun
 
 © Crown Copyright.  This information is protected by international copyright law. No part of
 this information may be reproduced, stored in a retrieval system or transmitted in any form
 or by any means, electronic, mechanical, photocopying, recording or otherwise without prior
 permission from The UK Hydrographic Office, Admiralty Way, Taunton, TA1 2DN, United Kingdom
 (www.ukho.gov.uk). Data generated using algorithms developed by HM Nautical Almanac Office.
 

 Computed on  5-Mar-2019

 Köpmansgatan 8,                                           Longitude E013 00
                                                            Latitude   N55 34
 Times are in Standard time = GMT + 01h 00m                 Time zone -  1  0

  Civil Date   Twilight  Sunrise  Transit Shadow 1 Shadow 2  Sunset  Twilight    

 Year mth   d     h  m     h  m     h  m     h  m     h  m     h  m     h  m 
 2019  11  30    06 16    08 10    11 56    13 27    13 55    15 43    17 37
 2019  12   1    06 17    08 12    11 57    13 26    13 54    15 42    17 36
 2019  12   2    06 19    08 13    11 57    13 25    13 53    15 41    17 36
 2019  12   3    06 20    08 15    11 58    13 25    13 52    15 40    17 35
 2019  12   4    06 21    08 16    11 58    13 24    13 52    15 39    17 35
 2019  12   5    06 22    08 18    11 58    13 24    13 51    15 39    17 34
 2019  12   6    06 23    08 19    11 59    13 24    13 51    15 38    17 34
 2019  12   7    06 25    08 21    11 59    13 24    13 50    15 38    17 34
 2019  12   8    06 26    08 22    12 00    13 23    13 50    15 37    17 33
 2019  12   9    06 27    08 23    12 00    13 23    13 50    15 37    17 33
 2019  12  10    06 28    08 25    12 01    13 23    13 49    15 36    17 33
 2019  12  11    06 29    08 26    12 01    13 23    13 49    15 36    17 33
 2019  12  12    06 30    08 27    12 02    13 23    13 49    15 36    17 33
 2019  12  13    06 31    08 28    12 02    13 23    13 49    15 36    17 33
 2019  12  14    06 32    08 29    12 02    13 23    13 49    15 36    17 33
 2019  12  15    06 32    08 30    12 03    13 23    13 49    15 36    17 33
 2019  12  16    06 33    08 31    12 03    13 23    13 49    15 36    17 34
 2019  12  17    06 34    08 32    12 04    13 24    13 49    15 36    17 34
 2019  12  18    06 35    08 33    12 04    13 24    13 50    15 36    17 34
 2019  12  19    06 35    08 33    12 05    13 24    13 50    15 36    17 34
 2019  12  20    06 36    08 34    12 05    13 25    13 50    15 37    17 35
 2019  12  21    06 36    08 34    12 06    13 25    13 51    15 37    17 35
 2019  12  22    06 37    08 35    12 06    13 26    13 51    15 38    17 36
 2019  12  23    06 37    08 35    12 07    13 26    13 52    15 38    17 36
 2019  12  24    06 38    08 36    12 07    13 27    13 52    15 39    17 37
 2019  12  25    06 38    08 36    12 08    13 28    13 53    15 40    17 38
 2019  12  26    06 39    08 36    12 08    13 28    13 54    15 40    17 38
 2019  12  27    06 39    08 37    12 09    13 29    13 55    15 41    17 39
 2019  12  28    06 39    08 37    12 09    13 30    13 55    15 42    17 40
 2019  12  29    06 39    08 37    12 10    13 31    13 56    15 43    17 41
 2019  12  30    06 39    08 37    12 10    13 31    13 57    15 44    17 42
 2019  12  31    06 39    08 37    12 11    13 32    13 58    15 45    17 42

 Twilight = Times of Twilights when the altitude of the Sun is -15 00
 Shadow 1 = Times when the length of the shadow cast by a vertical stick is
            equal to its length plus length of its shadow at transit
 Shadow 2 = Times when the length of the shadow cast by a vertical stick is
            equal to twice its length plus length of its shadow at transit
 Transit  = Time of Meridian passage of Sun
 
 © Crown Copyright.  This information is protected by international copyright law. No part of
 this information may be reproduced, stored in a retrieval system or transmitted in any form
 or by any means, electronic, mechanical, photocopying, recording or otherwise without prior
 permission from The UK Hydrographic Office, Admiralty Way, Taunton, TA1 2DN, United Kingdom
 (www.ukho.gov.uk). Data generated using algorithms developed by HM Nautical Almanac Office.
 

 Computed on  5-Mar-2019

 Köpmansgatan 8,                                           Longitude E013 00
                                                            Latitude   N55 34
 Times are in Standard time = GMT + 01h 00m                 Time zone -  1  0

  Civil Date   Twilight  Sunrise  Transit Shadow 1 Shadow 2  Sunset  Twilight    

 Year mth   d     h  m     h  m     h  m     h  m     h  m     h  m     h  m 
 2020   1   1    06 39    08 36    12 11    13 33    13 59    15 46    17 43
 2020   1   2    06 39    08 36    12 12    13 34    14 00    15 47    17 44
 2020   1   3    06 39    08 36    12 12    13 35    14 02    15 49    17 45
 2020   1   4    06 39    08 36    12 13    13 36    14 03    15 50    17 46
 2020   1   5    06 39    08 35    12 13    13 37    14 04    15 51    17 48
 2020   1   6    06 39    08 35    12 14    13 39    14 05    15 53    17 49
 2020   1   7    06 38    08 34    12 14    13 40    14 07    15 54    17 50
 2020   1   8    06 38    08 33    12 14    13 41    14 08    15 56    17 51
 2020   1   9    06 38    08 33    12 15    13 42    14 10    15 57    17 52
 2020   1  10    06 37    08 32    12 15    13 44    14 11    15 59    17 54
 2020   1  11    06 37    08 31    12 16    13 45    14 13    16 01    17 55
 2020   1  12    06 36    08 30    12 16    13 46    14 14    16 02    17 56
 2020   1  13    06 36    08 29    12 16    13 47    14 16    16 04    17 58
 2020   1  14    06 35    08 28    12 17    13 49    14 17    16 06    17 59
 2020   1  15    06 34    08 27    12 17    13 50    14 19    16 07    18 01
 2020   1  16    06 34    08 26    12 18    13 52    14 21    16 09    18 02
 2020   1  17    06 33    08 25    12 18    13 53    14 22    16 11    18 03
 2020   1  18    06 32    08 24    12 18    13 55    14 24    16 13    18 05
 2020   1  19    06 31    08 23    12 19    13 56    14 26    16 15    18 07
 2020   1  20    06 30    08 21    12 19    13 58    14 28    16 17    18 08
 2020   1  21    06 29    08 20    12 19    13 59    14 29    16 19    18 10
 2020   1  22    06 28    08 19    12 19    14 01    14 31    16 21    18 11
 2020   1  23    06 27    08 17    12 20    14 02    14 33    16 23    18 13
 2020   1  24    06 26    08 16    12 20    14 04    14 35    16 25    18 15
 2020   1  25    06 25    08 14    12 20    14 05    14 37    16 27    18 16
 2020   1  26    06 24    08 13    12 20    14 07    14 39    16 29    18 18
 2020   1  27    06 22    08 11    12 21    14 09    14 41    16 31    18 20
 2020   1  28    06 21    08 09    12 21    14 10    14 43    16 33    18 21
 2020   1  29    06 20    08 08    12 21    14 12    14 44    16 35    18 23
 2020   1  30    06 18    08 06    12 21    14 14    14 46    16 37    18 25
 2020   1  31    06 17    08 04    12 21    14 15    14 48    16 39    18 27
 2020   2   1    06 15    08 02    12 21    14 17    14 50    16 42    18 28
 2020   2   2    06 14    08 00    12 22    14 18    14 52    16 44    18 30
 2020   2   3    06 12    07 58    12 22    14 20    14 54    16 46    18 32
 2020   2   4    06 11    07 56    12 22    14 22    14 56    16 48    18 34
 2020   2   5    06 09    07 55    12 22    14 23    14 58    16 50    18 36
 2020   2   6    06 07    07 53    12 22    14 25    15 00    16 52    18 37
 2020   2   7    06 06    07 51    12 22    14 27    15 02    16 54    18 39
 2020   2   8    06 04    07 48    12 22    14 28    15 04    16 57    18 41
 2020   2   9    06 02    07 46    12 22    14 30    15 06    16 59    18 43
 2020   2  10    06 00    07 44    12 22    14 32    15 08    17 01    18 45
 2020   2  11    05 59    07 42    12 22    14 33    15 10    17 03    18 47
 2020   2  12    05 57    07 40    12 22    14 35    15 12    17 05    18 49
 2020   2  13    05 55    07 38    12 22    14 37    15 14    17 07    18 51
 2020   2  14    05 53    07 36    12 22    14 38    15 16    17 10    18 53
 2020   2  15    05 51    07 33    12 22    14 40    15 18    17 12    18 55
 2020   2  16    05 49    07 31    12 22    14 42    15 20    17 14    18 56
 2020   2  17    05 47    07 29    12 22    14 43    15 22    17 16    18 58
 2020   2  18    05 45    07 27    12 22    14 45    15 24    17 18    19 00
 2020   2  19    05 42    07 24    12 22    14 46    15 26    17 20    19 02
 2020   2  20    05 40    07 22    12 22    14 48    15 28    17 22    19 04
 2020   2  21    05 38    07 20    12 22    14 50    15 30    17 25    19 06
 2020   2  22    05 36    07 17    12 22    14 51    15 32    17 27    19 08
 2020   2  23    05 34    07 15    12 21    14 53    15 33    17 29    19 10

 Twilight = Times of Twilights when the altitude of the Sun is -15 00
 Shadow 1 = Times when the length of the shadow cast by a vertical stick is
            equal to its length plus length of its shadow at transit
 Shadow 2 = Times when the length of the shadow cast by a vertical stick is
            equal to twice its length plus length of its shadow at transit
 Transit  = Time of Meridian passage of Sun
 
 © Crown Copyright.  This information is protected by international copyright law. No part of
 this information may be reproduced, stored in a retrieval system or transmitted in any form
 or by any means, electronic, mechanical, photocopying, recording or otherwise without prior
 permission from The UK Hydrographic Office, Admiralty Way, Taunton, TA1 2DN, United Kingdom
 (www.ukho.gov.uk). Data generated using algorithms developed by HM Nautical Almanac Office.
 

 Computed on  5-Mar-2019

 Köpmansgatan 8,                                           Longitude E013 00
                                                            Latitude   N55 34
 Times are in Standard time = GMT + 01h 00m                 Time zone -  1  0

  Civil Date   Twilight  Sunrise  Transit Shadow 1 Shadow 2  Sunset  Twilight    

 Year mth   d     h  m     h  m     h  m     h  m     h  m     h  m     h  m 
 2020   2  24    05 31    07 13    12 21    14 54    15 35    17 31    19 12
 2020   2  25    05 29    07 10    12 21    14 56    15 37    17 33    19 14
 2020   2  26    05 27    07 08    12 21    14 57    15 39    17 35    19 16
 2020   2  27    05 24    07 05    12 21    14 59    15 41    17 37    19 18
 2020   2  28    05 22    07 03    12 21    15 00    15 43    17 39    19 20
 2020   2  29    05 20    07 00    12 20    15 02    15 45    17 42    19 22
 2020   3   1    05 17    06 58    12 20    15 03    15 47    17 44    19 25
 2020   3   2    05 15    06 55    12 20    15 05    15 48    17 46    19 27
 2020   3   3    05 12    06 53    12 20    15 06    15 50    17 48    19 29
 2020   3   4    05 10    06 50    12 20    15 08    15 52    17 50    19 31
 2020   3   5    05 07    06 48    12 19    15 09    15 54    17 52    19 33
 2020   3   6    05 05    06 45    12 19    15 11    15 55    17 54    19 35
 2020   3   7    05 02    06 43    12 19    15 12    15 57    17 56    19 37
 2020   3   8    05 00    06 40    12 19    15 13    15 59    17 58    19 39
 2020   3   9    04 57    06 38    12 18    15 15    16 01    18 00    19 41
 2020   3  10    04 54    06 35    12 18    15 16    16 02    18 02    19 44
 2020   3  11    04 52    06 33    12 18    15 18    16 04    18 04    19 46
 2020   3  12    04 49    06 30    12 18    15 19    16 06    18 06    19 48
 2020   3  13    04 46    06 27    12 17    15 20    16 08    18 08    19 50
 2020   3  14    04 43    06 25    12 17    15 22    16 09    18 10    19 52
 2020   3  15    04 41    06 22    12 17    15 23    16 11    18 12    19 54
 2020   3  16    04 38    06 20    12 16    15 24    16 13    18 14    19 57
 2020   3  17    04 35    06 17    12 16    15 26    16 14    18 16    19 59
 2020   3  18    04 32    06 15    12 16    15 27    16 16    18 18    20 01
 2020   3  19    04 29    06 12    12 16    15 28    16 17    18 20    20 04
 2020   3  20    04 27    06 09    12 15    15 29    16 19    18 22    20 06
 2020   3  21    04 24    06 07    12 15    15 31    16 21    18 24    20 08
 2020   3  22    04 21    06 04    12 15    15 32    16 22    18 26    20 11
 2020   3  23    04 18    06 02    12 14    15 33    16 24    18 28    20 13
 2020   3  24    04 15    05 59    12 14    15 34    16 25    18 30    20 15
 2020   3  25    04 12    05 56    12 14    15 35    16 27    18 32    20 18
 2020   3  26    04 09    05 54    12 14    15 37    16 28    18 34    20 20
 2020   3  27    04 06    05 51    12 13    15 38    16 30    18 37    20 23
 2020   3  28    04 03    05 49    12 13    15 39    16 31    18 39    20 25
 2020   3  29    04 00    05 46    12 13    15 40    16 33    18 41    20 27
 2020   3  30    03 57    05 43    12 12    15 41    16 34    18 43    20 30
 2020   3  31    03 54    05 41    12 12    15 42    16 36    18 45    20 33
 2020   4   1    03 50    05 38    12 12    15 43    16 37    18 46    20 35
 2020   4   2    03 47    05 36    12 11    15 45    16 39    18 48    20 38
 2020   4   3    03 44    05 33    12 11    15 46    16 40    18 50    20 40
 2020   4   4    03 41    05 30    12 11    15 47    16 42    18 52    20 43
 2020   4   5    03 38    05 28    12 11    15 48    16 43    18 54    20 46
 2020   4   6    03 34    05 25    12 10    15 49    16 45    18 56    20 48
 2020   4   7    03 31    05 23    12 10    15 50    16 46    18 58    20 51
 2020   4   8    03 28    05 20    12 10    15 51    16 48    19 00    20 54
 2020   4   9    03 25    05 18    12 09    15 52    16 49    19 02    20 57
 2020   4  10    03 21    05 15    12 09    15 53    16 50    19 04    20 59
 2020   4  11    03 18    05 13    12 09    15 54    16 52    19 06    21 02
 2020   4  12    03 14    05 10    12 09    15 55    16 53    19 08    21 05
 2020   4  13    03 11    05 08    12 08    15 56    16 54    19 10    21 08
 2020   4  14    03 08    05 05    12 08    15 57    16 56    19 12    21 11
 2020   4  15    03 04    05 03    12 08    15 58    16 57    19 14    21 14
 2020   4  16    03 01    05 00    12 08    15 59    16 58    19 16    21 17
 2020   4  17    02 57    04 58    12 07    16 00    17 00    19 18    21 20

 Twilight = Times of Twilights when the altitude of the Sun is -15 00
 Shadow 1 = Times when the length of the shadow cast by a vertical stick is
            equal to its length plus length of its shadow at transit
 Shadow 2 = Times when the length of the shadow cast by a vertical stick is
            equal to twice its length plus length of its shadow at transit
 Transit  = Time of Meridian passage of Sun
 
 © Crown Copyright.  This information is protected by international copyright law. No part of
 this information may be reproduced, stored in a retrieval system or transmitted in any form
 or by any means, electronic, mechanical, photocopying, recording or otherwise without prior
 permission from The UK Hydrographic Office, Admiralty Way, Taunton, TA1 2DN, United Kingdom
 (www.ukho.gov.uk). Data generated using algorithms developed by HM Nautical Almanac Office.
 

 Computed on  5-Mar-2019

 Köpmansgatan 8,                                           Longitude E013 00
                                                            Latitude   N55 34
 Times are in Standard time = GMT + 01h 00m                 Time zone -  1  0

  Civil Date   Twilight  Sunrise  Transit Shadow 1 Shadow 2  Sunset  Twilight    

 Year mth   d     h  m     h  m     h  m     h  m     h  m     h  m     h  m 
 2020   4  18    02 54    04 55    12 07    16 01    17 01    19 20    21 23
 2020   4  19    02 50    04 53    12 07    16 02    17 02    19 22    21 27
 2020   4  20    02 46    04 50    12 07    16 03    17 04    19 24    21 30
 2020   4  21    02 43    04 48    12 07    16 04    17 05    19 26    21 33
 2020   4  22    02 39    04 46    12 06    16 04    17 06    19 28    21 37
 2020   4  23    02 35    04 43    12 06    16 05    17 08    19 30    21 40
 2020   4  24    02 31    04 41    12 06    16 06    17 09    19 32    21 44
 2020   4  25    02 28    04 39    12 06    16 07    17 10    19 34    21 47
 2020   4  26    02 24    04 36    12 06    16 08    17 11    19 36    21 51
 2020   4  27    02 20    04 34    12 06    16 09    17 13    19 38    21 54
 2020   4  28    02 16    04 32    12 05    16 10    17 14    19 40    21 58
 2020   4  29    02 12    04 29    12 05    16 11    17 15    19 42    22 02
 2020   4  30    02 08    04 27    12 05    16 12    17 16    19 44    22 06
 2020   5   1    02 03    04 25    12 05    16 12    17 18    19 46    22 10
 2020   5   2    01 59    04 23    12 05    16 13    17 19    19 48    22 14
 2020   5   3    01 55    04 21    12 05    16 14    17 20    19 50    22 19
 2020   5   4    01 50    04 19    12 05    16 15    17 21    19 52    22 23
 2020   5   5    01 46    04 16    12 05    16 16    17 22    19 54    22 28
 2020   5   6    01 41    04 14    12 05    16 16    17 23    19 56    22 32
 2020   5   7    01 36    04 12    12 05    16 17    17 25    19 58    22 37
 2020   5   8    01 31    04 10    12 04    16 18    17 26    20 00    22 42
 2020   5   9    01 26    04 08    12 04    16 19    17 27    20 02    22 48
 2020   5  10    01 20    04 06    12 04    16 20    17 28    20 04    22 54
 2020   5  11    01 14    04 04    12 04    16 20    17 29    20 06    23 00
 2020   5  12    01 08    04 02    12 04    16 21    17 30    20 08    23 07
 2020   5  13    01 02    04 00    12 04    16 22    17 31    20 09    23 14
 2020   5  14    00 54    03 59    12 04    16 22    17 32    20 11    23 23
 2020   5  15    00 46    03 57    12 04    16 23    17 33    20 13    23 33
 2020   5  16    00 35    03 55    12 04    16 24    17 34    20 15    23 50
 2020   5  17    00 18    03 53    12 04    16 25    17 35    20 17    @7 39
 2020   5  18    @7 39    03 52    12 04    16 25    17 36    20 18    @7 39
 2020   5  19    @7 39    03 50    12 04    16 26    17 37    20 20    @7 39
 2020   5  20    @7 39    03 48    12 05    16 27    17 38    20 22    @7 39
 2020   5  21    @7 39    03 47    12 05    16 27    17 39    20 24    @7 39
 2020   5  22    @7 39    03 45    12 05    16 28    17 40    20 25    @7 39
 2020   5  23    @7 39    03 44    12 05    16 29    17 41    20 27    @7 39
 2020   5  24    @7 39    03 42    12 05    16 29    17 42    20 28    @7 39
 2020   5  25    @7 39    03 41    12 05    16 30    17 43    20 30    @7 39
 2020   5  26    @7 39    03 40    12 05    16 31    17 44    20 32    @7 39
 2020   5  27    @7 39    03 38    12 05    16 31    17 45    20 33    @7 39
 2020   5  28    @7 39    03 37    12 05    16 32    17 45    20 35    @7 39
 2020   5  29    @7 39    03 36    12 05    16 32    17 46    20 36    @7 39
 2020   5  30    @7 39    03 35    12 06    16 33    17 47    20 37    @7 39
 2020   5  31    @7 39    03 34    12 06    16 33    17 48    20 39    @7 39
 2020   6   1    @7 39    03 33    12 06    16 34    17 48    20 40    @7 39
 2020   6   2    @7 39    03 32    12 06    16 35    17 49    20 41    @7 39
 2020   6   3    @7 39    03 31    12 06    16 35    17 50    20 43    @7 39
 2020   6   4    @7 39    03 30    12 06    16 36    17 51    20 44    @7 39
 2020   6   5    @7 39    03 29    12 07    16 36    17 51    20 45    @7 39
 2020   6   6    @7 39    03 28    12 07    16 37    17 52    20 46    @7 39
 2020   6   7    @7 39    03 28    12 07    16 37    17 52    20 47    @7 39
 2020   6   8    @7 39    03 27    12 07    16 37    17 53    20 48    @7 39
 2020   6   9    @7 39    03 26    12 07    16 38    17 54    20 49    @7 39
 2020   6  10    @7 39    03 26    12 08    16 38    17 54    20 50    @7 39

 Twilight = Times of Twilights when the altitude of the Sun is -15 00
 Shadow 1 = Times when the length of the shadow cast by a vertical stick is
            equal to its length plus length of its shadow at transit
 Shadow 2 = Times when the length of the shadow cast by a vertical stick is
            equal to twice its length plus length of its shadow at transit
 Transit  = Time of Meridian passage of Sun
 
 © Crown Copyright.  This information is protected by international copyright law. No part of
 this information may be reproduced, stored in a retrieval system or transmitted in any form
 or by any means, electronic, mechanical, photocopying, recording or otherwise without prior
 permission from The UK Hydrographic Office, Admiralty Way, Taunton, TA1 2DN, United Kingdom
 (www.ukho.gov.uk). Data generated using algorithms developed by HM Nautical Almanac Office.
 

 Computed on  5-Mar-2019

 Köpmansgatan 8,                                           Longitude E013 00
                                                            Latitude   N55 34
 Times are in Standard time = GMT + 01h 00m                 Time zone -  1  0

  Civil Date   Twilight  Sunrise  Transit Shadow 1 Shadow 2  Sunset  Twilight    

 Year mth   d     h  m     h  m     h  m     h  m     h  m     h  m     h  m 
 2020   6  11    @7 39    03 25    12 08    16 39    17 55    20 50    @7 39
 2020   6  12    @7 39    03 25    12 08    16 39    17 55    20 51    @7 39
 2020   6  13    @7 39    03 25    12 08    16 39    17 56    20 52    @7 39
 2020   6  14    @7 39    03 24    12 08    16 40    17 56    20 53    @7 39
 2020   6  15    @7 39    03 24    12 09    16 40    17 56    20 53    @7 39
 2020   6  16    @7 39    03 24    12 09    16 40    17 57    20 54    @7 39
 2020   6  17    @7 39    03 24    12 09    16 41    17 57    20 54    @7 39
 2020   6  18    @7 39    03 24    12 09    16 41    17 57    20 54    @7 39
 2020   6  19    @7 39    03 24    12 09    16 41    17 58    20 55    @7 39
 2020   6  20    @7 39    03 24    12 10    16 41    17 58    20 55    @7 39
 2020   6  21    @7 39    03 24    12 10    16 42    17 58    20 55    @7 39
 2020   6  22    @7 39    03 25    12 10    16 42    17 58    20 55    @7 39
 2020   6  23    @7 39    03 25    12 10    16 42    17 58    20 55    @7 39
 2020   6  24    @7 39    03 25    12 11    16 42    17 58    20 55    @7 39
 2020   6  25    @7 39    03 26    12 11    16 42    17 59    20 55    @7 39
 2020   6  26    @7 39    03 26    12 11    16 42    17 59    20 55    @7 39
 2020   6  27    @7 39    03 27    12 11    16 42    17 59    20 55    @7 39
 2020   6  28    @7 39    03 28    12 11    16 42    17 59    20 55    @7 39
 2020   6  29    @7 39    03 28    12 12    16 43    17 59    20 54    @7 39
 2020   6  30    @7 39    03 29    12 12    16 43    17 58    20 54    @7 39
 2020   7   1    @7 39    03 30    12 12    16 43    17 58    20 54    @7 39
 2020   7   2    @7 39    03 31    12 12    16 42    17 58    20 53    @7 39
 2020   7   3    @7 39    03 32    12 12    16 42    17 58    20 52    @7 39
 2020   7   4    @7 39    03 33    12 13    16 42    17 58    20 52    @7 39
 2020   7   5    @7 39    03 34    12 13    16 42    17 57    20 51    @7 39
 2020   7   6    @7 39    03 35    12 13    16 42    17 57    20 50    @7 39
 2020   7   7    @7 39    03 36    12 13    16 42    17 57    20 50    @7 39
 2020   7   8    @7 39    03 37    12 13    16 42    17 56    20 49    @7 39
 2020   7   9    @7 39    03 38    12 13    16 41    17 56    20 48    @7 39
 2020   7  10    @7 39    03 39    12 13    16 41    17 56    20 47    @7 39
 2020   7  11    @7 39    03 41    12 14    16 41    17 55    20 46    @7 39
 2020   7  12    @7 39    03 42    12 14    16 41    17 55    20 45    @7 39
 2020   7  13    @7 39    03 43    12 14    16 40    17 54    20 43    @7 39
 2020   7  14    @7 39    03 45    12 14    16 40    17 53    20 42    @7 39
 2020   7  15    @7 39    03 46    12 14    16 40    17 53    20 41    @7 39
 2020   7  16    @7 39    03 48    12 14    16 39    17 52    20 40    @7 39
 2020   7  17    @7 39    03 49    12 14    16 39    17 52    20 38    @7 39
 2020   7  18    @7 39    03 51    12 14    16 38    17 51    20 37    @7 39
 2020   7  19    @7 39    03 52    12 14    16 38    17 50    20 35    @7 39
 2020   7  20    @7 39    03 54    12 14    16 37    17 49    20 34    @7 39
 2020   7  21    @7 39    03 55    12 14    16 37    17 48    20 32    @7 39
 2020   7  22    @7 39    03 57    12 14    16 36    17 48    20 31    @7 39
 2020   7  23    @7 39    03 59    12 15    16 36    17 47    20 29    @7 39
 2020   7  24    @7 39    04 01    12 15    16 35    17 46    20 27    @7 39
 2020   7  25    @7 39    04 02    12 15    16 34    17 45    20 26    24 02
 2020   7  26    00 28    04 04    12 15    16 34    17 44    20 24    23 45
 2020   7  27    00 45    04 06    12 15    16 33    17 43    20 22    23 34
 2020   7  28    00 56    04 07    12 14    16 32    17 42    20 20    23 25
 2020   7  29    01 04    04 09    12 14    16 31    17 41    20 18    23 18
 2020   7  30    01 12    04 11    12 14    16 31    17 40    20 17    23 11
 2020   7  31    01 18    04 13    12 14    16 30    17 38    20 15    23 05
 2020   8   1    01 24    04 15    12 14    16 29    17 37    20 13    22 59
 2020   8   2    01 30    04 17    12 14    16 28    17 36    20 11    22 53
 2020   8   3    01 36    04 18    12 14    16 27    17 35    20 09    22 48

 Twilight = Times of Twilights when the altitude of the Sun is -15 00
 Shadow 1 = Times when the length of the shadow cast by a vertical stick is
            equal to its length plus length of its shadow at transit
 Shadow 2 = Times when the length of the shadow cast by a vertical stick is
            equal to twice its length plus length of its shadow at transit
 Transit  = Time of Meridian passage of Sun
 
 © Crown Copyright.  This information is protected by international copyright law. No part of
 this information may be reproduced, stored in a retrieval system or transmitted in any form
 or by any means, electronic, mechanical, photocopying, recording or otherwise without prior
 permission from The UK Hydrographic Office, Admiralty Way, Taunton, TA1 2DN, United Kingdom
 (www.ukho.gov.uk). Data generated using algorithms developed by HM Nautical Almanac Office.
 

 Computed on  5-Mar-2019

 Köpmansgatan 8,                                           Longitude E013 00
                                                            Latitude   N55 34
 Times are in Standard time = GMT + 01h 00m                 Time zone -  1  0

  Civil Date   Twilight  Sunrise  Transit Shadow 1 Shadow 2  Sunset  Twilight    

 Year mth   d     h  m     h  m     h  m     h  m     h  m     h  m     h  m 
 2020   8   4    01 41    04 20    12 14    16 26    17 33    20 07    22 43
 2020   8   5    01 46    04 22    12 14    16 25    17 32    20 04    22 38
 2020   8   6    01 50    04 24    12 14    16 24    17 31    20 02    22 33
 2020   8   7    01 55    04 26    12 14    16 23    17 29    20 00    22 29
 2020   8   8    01 59    04 28    12 14    16 22    17 28    19 58    22 24
 2020   8   9    02 03    04 30    12 13    16 21    17 27    19 56    22 20
 2020   8  10    02 07    04 32    12 13    16 20    17 25    19 54    22 16
 2020   8  11    02 11    04 33    12 13    16 19    17 24    19 51    22 11
 2020   8  12    02 15    04 35    12 13    16 18    17 22    19 49    22 07
 2020   8  13    02 19    04 37    12 13    16 17    17 21    19 47    22 03
 2020   8  14    02 23    04 39    12 13    16 16    17 19    19 45    21 59
 2020   8  15    02 26    04 41    12 12    16 14    17 18    19 42    21 55
 2020   8  16    02 30    04 43    12 12    16 13    17 16    19 40    21 51
 2020   8  17    02 33    04 45    12 12    16 12    17 14    19 38    21 48
 2020   8  18    02 37    04 47    12 12    16 11    17 13    19 35    21 44
 2020   8  19    02 40    04 49    12 12    16 09    17 11    19 33    21 40
 2020   8  20    02 44    04 51    12 11    16 08    17 09    19 30    21 36
 2020   8  21    02 47    04 53    12 11    16 07    17 08    19 28    21 33
 2020   8  22    02 50    04 55    12 11    16 05    17 06    19 26    21 29
 2020   8  23    02 53    04 56    12 11    16 04    17 04    19 23    21 25
 2020   8  24    02 56    04 58    12 10    16 02    17 02    19 21    21 22
 2020   8  25    02 59    05 00    12 10    16 01    17 00    19 18    21 18
 2020   8  26    03 02    05 02    12 10    15 59    16 59    19 16    21 15
 2020   8  27    03 05    05 04    12 09    15 58    16 57    19 13    21 11
 2020   8  28    03 08    05 06    12 09    15 56    16 55    19 11    21 08
 2020   8  29    03 11    05 08    12 09    15 55    16 53    19 08    21 04
 2020   8  30    03 14    05 10    12 08    15 53    16 51    19 06    21 01
 2020   8  31    03 17    05 12    12 08    15 52    16 49    19 03    20 58
 2020   9   1    03 19    05 14    12 08    15 50    16 47    19 01    20 54
 2020   9   2    03 22    05 16    12 08    15 49    16 45    18 58    20 51
 2020   9   3    03 25    05 18    12 07    15 47    16 43    18 56    20 48
 2020   9   4    03 27    05 19    12 07    15 45    16 41    18 53    20 44
 2020   9   5    03 30    05 21    12 07    15 44    16 39    18 50    20 41
 2020   9   6    03 33    05 23    12 06    15 42    16 37    18 48    20 38
 2020   9   7    03 35    05 25    12 06    15 40    16 35    18 45    20 35
 2020   9   8    03 38    05 27    12 05    15 39    16 33    18 43    20 31
 2020   9   9    03 40    05 29    12 05    15 37    16 31    18 40    20 28
 2020   9  10    03 43    05 31    12 05    15 35    16 29    18 37    20 25
 2020   9  11    03 45    05 33    12 04    15 33    16 27    18 35    20 22
 2020   9  12    03 47    05 35    12 04    15 32    16 25    18 32    20 19
 2020   9  13    03 50    05 37    12 04    15 30    16 23    18 30    20 16
 2020   9  14    03 52    05 39    12 03    15 28    16 20    18 27    20 13
 2020   9  15    03 55    05 41    12 03    15 26    16 18    18 24    20 10
 2020   9  16    03 57    05 42    12 03    15 24    16 16    18 22    20 07
 2020   9  17    03 59    05 44    12 02    15 23    16 14    18 19    20 04
 2020   9  18    04 02    05 46    12 02    15 21    16 12    18 16    20 01
 2020   9  19    04 04    05 48    12 02    15 19    16 10    18 14    19 58
 2020   9  20    04 06    05 50    12 01    15 17    16 07    18 11    19 55
 2020   9  21    04 08    05 52    12 01    15 15    16 05    18 09    19 52
 2020   9  22    04 11    05 54    12 01    15 13    16 03    18 06    19 49
 2020   9  23    04 13    05 56    12 00    15 12    16 01    18 03    19 46
 2020   9  24    04 15    05 58    12 00    15 10    15 58    18 01    19 43
 2020   9  25    04 17    06 00    11 59    15 08    15 56    17 58    19 40
 2020   9  26    04 19    06 02    11 59    15 06    15 54    17 56    19 37

 Twilight = Times of Twilights when the altitude of the Sun is -15 00
 Shadow 1 = Times when the length of the shadow cast by a vertical stick is
            equal to its length plus length of its shadow at transit
 Shadow 2 = Times when the length of the shadow cast by a vertical stick is
            equal to twice its length plus length of its shadow at transit
 Transit  = Time of Meridian passage of Sun
 
 © Crown Copyright.  This information is protected by international copyright law. No part of
 this information may be reproduced, stored in a retrieval system or transmitted in any form
 or by any means, electronic, mechanical, photocopying, recording or otherwise without prior
 permission from The UK Hydrographic Office, Admiralty Way, Taunton, TA1 2DN, United Kingdom
 (www.ukho.gov.uk). Data generated using algorithms developed by HM Nautical Almanac Office.
 

 Computed on  5-Mar-2019

 Köpmansgatan 8,                                           Longitude E013 00
                                                            Latitude   N55 34
 Times are in Standard time = GMT + 01h 00m                 Time zone -  1  0

  Civil Date   Twilight  Sunrise  Transit Shadow 1 Shadow 2  Sunset  Twilight    

 Year mth   d     h  m     h  m     h  m     h  m     h  m     h  m     h  m 
 2020   9  27    04 21    06 04    11 59    15 04    15 52    17 53    19 35
 2020   9  28    04 24    06 06    11 58    15 02    15 50    17 50    19 32
 2020   9  29    04 26    06 07    11 58    15 00    15 47    17 48    19 29
 2020   9  30    04 28    06 09    11 58    14 58    15 45    17 45    19 26
 2020  10   1    04 30    06 11    11 57    14 56    15 43    17 43    19 24
 2020  10   2    04 32    06 13    11 57    14 54    15 41    17 40    19 21
 2020  10   3    04 34    06 15    11 57    14 52    15 38    17 37    19 18
 2020  10   4    04 36    06 17    11 57    14 50    15 36    17 35    19 16
 2020  10   5    04 38    06 19    11 56    14 49    15 34    17 32    19 13
 2020  10   6    04 40    06 21    11 56    14 47    15 31    17 30    19 10
 2020  10   7    04 42    06 23    11 56    14 45    15 29    17 27    19 08
 2020  10   8    04 44    06 25    11 55    14 43    15 27    17 25    19 05
 2020  10   9    04 46    06 27    11 55    14 41    15 25    17 22    19 03
 2020  10  10    04 48    06 29    11 55    14 39    15 22    17 20    19 00
 2020  10  11    04 50    06 31    11 55    14 37    15 20    17 17    18 58
 2020  10  12    04 52    06 33    11 54    14 35    15 18    17 15    18 55
 2020  10  13    04 54    06 35    11 54    14 33    15 16    17 12    18 53
 2020  10  14    04 56    06 37    11 54    14 31    15 13    17 10    18 50
 2020  10  15    04 58    06 39    11 54    14 29    15 11    17 07    18 48
 2020  10  16    05 00    06 41    11 53    14 28    15 09    17 05    18 46
 2020  10  17    05 02    06 43    11 53    14 26    15 07    17 02    18 43
 2020  10  18    05 04    06 45    11 53    14 24    15 05    17 00    18 41
 2020  10  19    05 06    06 47    11 53    14 22    15 03    16 58    18 39
 2020  10  20    05 08    06 49    11 53    14 20    15 00    16 55    18 37
 2020  10  21    05 10    06 51    11 53    14 18    14 58    16 53    18 34
 2020  10  22    05 11    06 53    11 52    14 17    14 56    16 50    18 32
 2020  10  23    05 13    06 56    11 52    14 15    14 54    16 48    18 30
 2020  10  24    05 15    06 58    11 52    14 13    14 52    16 46    18 28
 2020  10  25    05 17    07 00    11 52    14 11    14 50    16 43    18 26
 2020  10  26    05 19    07 02    11 52    14 10    14 48    16 41    18 24
 2020  10  27    05 21    07 04    11 52    14 08    14 46    16 39    18 22
 2020  10  28    05 23    07 06    11 52    14 06    14 44    16 37    18 20
 2020  10  29    05 25    07 08    11 52    14 04    14 41    16 35    18 18
 2020  10  30    05 26    07 10    11 52    14 03    14 39    16 32    18 16
 2020  10  31    05 28    07 12    11 52    14 01    14 38    16 30    18 14
 2020  11   1    05 30    07 14    11 52    13 59    14 36    16 28    18 12
 2020  11   2    05 32    07 16    11 52    13 58    14 34    16 26    18 10
 2020  11   3    05 34    07 18    11 52    13 56    14 32    16 24    18 09
 2020  11   4    05 35    07 20    11 52    13 55    14 30    16 22    18 07
 2020  11   5    05 37    07 23    11 52    13 53    14 28    16 20    18 05
 2020  11   6    05 39    07 25    11 52    13 52    14 26    16 18    18 03
 2020  11   7    05 41    07 27    11 52    13 50    14 24    16 16    18 02
 2020  11   8    05 42    07 29    11 52    13 49    14 23    16 14    18 00
 2020  11   9    05 44    07 31    11 52    13 47    14 21    16 12    17 59
 2020  11  10    05 46    07 33    11 52    13 46    14 19    16 10    17 57
 2020  11  11    05 48    07 35    11 52    13 44    14 17    16 08    17 56
 2020  11  12    05 49    07 37    11 52    13 43    14 16    16 07    17 54
 2020  11  13    05 51    07 39    11 52    13 42    14 14    16 05    17 53
 2020  11  14    05 53    07 41    11 52    13 41    14 13    16 03    17 51
 2020  11  15    05 54    07 43    11 53    13 39    14 11    16 01    17 50
 2020  11  16    05 56    07 45    11 53    13 38    14 10    16 00    17 49
 2020  11  17    05 58    07 47    11 53    13 37    14 08    15 58    17 48
 2020  11  18    05 59    07 49    11 53    13 36    14 07    15 57    17 47
 2020  11  19    06 01    07 51    11 53    13 35    14 06    15 55    17 45

 Twilight = Times of Twilights when the altitude of the Sun is -15 00
 Shadow 1 = Times when the length of the shadow cast by a vertical stick is
            equal to its length plus length of its shadow at transit
 Shadow 2 = Times when the length of the shadow cast by a vertical stick is
            equal to twice its length plus length of its shadow at transit
 Transit  = Time of Meridian passage of Sun
 
 © Crown Copyright.  This information is protected by international copyright law. No part of
 this information may be reproduced, stored in a retrieval system or transmitted in any form
 or by any means, electronic, mechanical, photocopying, recording or otherwise without prior
 permission from The UK Hydrographic Office, Admiralty Way, Taunton, TA1 2DN, United Kingdom
 (www.ukho.gov.uk). Data generated using algorithms developed by HM Nautical Almanac Office.
 

 Computed on  5-Mar-2019

 Köpmansgatan 8,                                           Longitude E013 00
                                                            Latitude   N55 34
 Times are in Standard time = GMT + 01h 00m                 Time zone -  1  0

  Civil Date   Twilight  Sunrise  Transit Shadow 1 Shadow 2  Sunset  Twilight    

 Year mth   d     h  m     h  m     h  m     h  m     h  m     h  m     h  m 
 2020  11  20    06 02    07 53    11 54    13 34    14 04    15 54    17 44
 2020  11  21    06 04    07 55    11 54    13 33    14 03    15 52    17 43
 2020  11  22    06 06    07 57    11 54    13 32    14 02    15 51    17 42
 2020  11  23    06 07    07 59    11 54    13 31    14 01    15 50    17 41
 2020  11  24    06 09    08 01    11 55    13 30    14 00    15 48    17 40
 2020  11  25    06 10    08 02    11 55    13 30    13 58    15 47    17 40
 2020  11  26    06 11    08 04    11 55    13 29    13 57    15 46    17 39
 2020  11  27    06 13    08 06    11 56    13 28    13 57    15 45    17 38
 2020  11  28    06 14    08 08    11 56    13 27    13 56    15 44    17 37
 2020  11  29    06 16    08 09    11 56    13 27    13 55    15 43    17 37
 2020  11  30    06 17    08 11    11 57    13 26    13 54    15 42    17 36
 2020  12   1    06 18    08 13    11 57    13 26    13 53    15 41    17 36
 2020  12   2    06 20    08 14    11 58    13 25    13 53    15 40    17 35
 2020  12   3    06 21    08 16    11 58    13 25    13 52    15 40    17 35
 2020  12   4    06 22    08 17    11 58    13 24    13 51    15 39    17 34
 2020  12   5    06 23    08 19    11 59    13 24    13 51    15 38    17 34
 2020  12   6    06 24    08 20    11 59    13 24    13 50    15 38    17 34
 2020  12   7    06 25    08 22    12 00    13 24    13 50    15 37    17 33
 2020  12   8    06 26    08 23    12 00    13 23    13 50    15 37    17 33
 2020  12   9    06 28    08 24    12 00    13 23    13 49    15 36    17 33
 2020  12  10    06 29    08 25    12 01    13 23    13 49    15 36    17 33
 2020  12  11    06 29    08 27    12 01    13 23    13 49    15 36    17 33
 2020  12  12    06 30    08 28    12 02    13 23    13 49    15 36    17 33
 2020  12  13    06 31    08 29    12 02    13 23    13 49    15 36    17 33
 2020  12  14    06 32    08 30    12 03    13 23    13 49    15 36    17 33
 2020  12  15    06 33    08 31    12 03    13 24    13 49    15 36    17 34
 2020  12  16    06 34    08 32    12 04    13 24    13 49    15 36    17 34
 2020  12  17    06 34    08 32    12 04    13 24    13 50    15 36    17 34
 2020  12  18    06 35    08 33    12 05    13 24    13 50    15 36    17 34
 2020  12  19    06 36    08 34    12 05    13 25    13 50    15 37    17 35
 2020  12  20    06 36    08 34    12 06    13 25    13 51    15 37    17 35
 2020  12  21    06 37    08 35    12 06    13 26    13 51    15 38    17 36
 2020  12  22    06 37    08 35    12 07    13 26    13 52    15 38    17 36
 2020  12  23    06 38    08 36    12 07    13 27    13 52    15 39    17 37
 2020  12  24    06 38    08 36    12 08    13 27    13 53    15 39    17 37
 2020  12  25    06 38    08 36    12 08    13 28    13 54    15 40    17 38
 2020  12  26    06 39    08 37    12 09    13 29    13 54    15 41    17 39
 2020  12  27    06 39    08 37    12 09    13 30    13 55    15 42    17 40
 2020  12  28    06 39    08 37    12 10    13 31    13 56    15 43    17 40
 2020  12  29    06 39    08 37    12 10    13 31    13 57    15 44    17 41
 2020  12  30    06 39    08 37    12 11    13 32    13 58    15 45    17 42
 2020  12  31    06 39    08 37    12 11    13 33    13 59    15 46    17 43

 Twilight = Times of Twilights when the altitude of the Sun is -15 00
 Shadow 1 = Times when the length of the shadow cast by a vertical stick is
            equal to its length plus length of its shadow at transit
 Shadow 2 = Times when the length of the shadow cast by a vertical stick is
            equal to twice its length plus length of its shadow at transit
 Transit  = Time of Meridian passage of Sun
 
 © Crown Copyright.  This information is protected by international copyright law. No part of
 this information may be reproduced, stored in a retrieval system or transmitted in any form
 or by any means, electronic, mechanical, photocopying, recording or otherwise without prior
 permission from The UK Hydrographic Office, Admiralty Way, Taunton, TA1 2DN, United Kingdom
 (www.ukho.gov.uk). Data generated using algorithms developed by HM Nautical Almanac Office.
 

 Computed on  5-Mar-2019

 Köpmansgatan 8,                                           Longitude E013 00
                                                            Latitude   N55 34
 Times are in Standard time = GMT + 01h 00m                 Time zone -  1  0

  Civil Date   Twilight  Sunrise  Transit Shadow 1 Shadow 2  Sunset  Twilight    

 Year mth   d     h  m     h  m     h  m     h  m     h  m     h  m     h  m 
 2021   1   1    06 39    08 36    12 12    13 34    14 00    15 47    17 44
 2021   1   2    06 39    08 36    12 12    13 35    14 01    15 48    17 45
 2021   1   3    06 39    08 36    12 13    13 36    14 02    15 50    17 46
 2021   1   4    06 39    08 35    12 13    13 37    14 04    15 51    17 47
 2021   1   5    06 39    08 35    12 13    13 38    14 05    15 52    17 48
 2021   1   6    06 39    08 34    12 14    13 39    14 06    15 54    17 50
 2021   1   7    06 38    08 34    12 14    13 41    14 08    15 55    17 51
 2021   1   8    06 38    08 33    12 15    13 42    14 09    15 57    17 52
 2021   1   9    06 37    08 32    12 15    13 43    14 11    15 58    17 53
 2021   1  10    06 37    08 31    12 16    13 44    14 12    16 00    17 55
 2021   1  11    06 36    08 31    12 16    13 46    14 14    16 02    17 56
 2021   1  12    06 36    08 30    12 16    13 47    14 15    16 03    17 57
 2021   1  13    06 35    08 29    12 17    13 49    14 17    16 05    17 59
 2021   1  14    06 35    08 28    12 17    13 50    14 19    16 07    18 00
 2021   1  15    06 34    08 27    12 17    13 51    14 20    16 09    18 02
 2021   1  16    06 33    08 25    12 18    13 53    14 22    16 11    18 03
 2021   1  17    06 32    08 24    12 18    13 54    14 24    16 13    18 05
 2021   1  18    06 31    08 23    12 18    13 56    14 25    16 14    18 06
 2021   1  19    06 30    08 22    12 19    13 57    14 27    16 16    18 08
 2021   1  20    06 29    08 20    12 19    13 59    14 29    16 18    18 09
 2021   1  21    06 28    08 19    12 19    14 00    14 31    16 20    18 11
 2021   1  22    06 27    08 18    12 20    14 02    14 33    16 22    18 13
 2021   1  23    06 26    08 16    12 20    14 04    14 34    16 24    18 14
 2021   1  24    06 25    08 14    12 20    14 05    14 36    16 26    18 16
 2021   1  25    06 24    08 13    12 20    14 07    14 38    16 28    18 18
 2021   1  26    06 23    08 11    12 21    14 08    14 40    16 30    18 19
 2021   1  27    06 21    08 10    12 21    14 10    14 42    16 33    18 21
 2021   1  28    06 20    08 08    12 21    14 11    14 44    16 35    18 23
 2021   1  29    06 19    08 06    12 21    14 13    14 46    16 37    18 24
 2021   1  30    06 17    08 04    12 21    14 15    14 48    16 39    18 26
 2021   1  31    06 16    08 03    12 21    14 16    14 50    16 41    18 28
 2021   2   1    06 14    08 01    12 22    14 18    14 52    16 43    18 30
 2021   2   2    06 13    07 59    12 22    14 20    14 54    16 45    18 32
 2021   2   3    06 11    07 57    12 22    14 21    14 56    16 47    18 33
 2021   2   4    06 10    07 55    12 22    14 23    14 58    16 50    18 35
 2021   2   5    06 08    07 53    12 22    14 25    15 00    16 52    18 37
 2021   2   6    06 06    07 51    12 22    14 26    15 02    16 54    18 39
 2021   2   7    06 04    07 49    12 22    14 28    15 04    16 56    18 41
 2021   2   8    06 03    07 47    12 22    14 30    15 06    16 58    18 43
 2021   2   9    06 01    07 45    12 22    14 31    15 08    17 00    18 44
 2021   2  10    05 59    07 43    12 22    14 33    15 10    17 03    18 46
 2021   2  11    05 57    07 41    12 22    14 35    15 12    17 05    18 48
 2021   2  12    05 55    07 38    12 22    14 36    15 14    17 07    18 50
 2021   2  13    05 53    07 36    12 22    14 38    15 16    17 09    18 52
 2021   2  14    05 51    07 34    12 22    14 40    15 18    17 11    18 54
 2021   2  15    05 49    07 32    12 22    14 41    15 20    17 13    18 56
 2021   2  16    05 47    07 29    12 22    14 43    15 21    17 15    18 58
 2021   2  17    05 45    07 27    12 22    14 44    15 23    17 18    19 00
 2021   2  18    05 43    07 25    12 22    14 46    15 25    17 20    19 02
 2021   2  19    05 41    07 23    12 22    14 48    15 27    17 22    19 04
 2021   2  20    05 39    07 20    12 22    14 49    15 29    17 24    19 06
 2021   2  21    05 36    07 18    12 22    14 51    15 31    17 26    19 08
 2021   2  22    05 34    07 16    12 21    14 52    15 33    17 28    19 10
 2021   2  23    05 32    07 13    12 21    14 54    15 35    17 30    19 12

 Twilight = Times of Twilights when the altitude of the Sun is -15 00
 Shadow 1 = Times when the length of the shadow cast by a vertical stick is
            equal to its length plus length of its shadow at transit
 Shadow 2 = Times when the length of the shadow cast by a vertical stick is
            equal to twice its length plus length of its shadow at transit
 Transit  = Time of Meridian passage of Sun
 
 © Crown Copyright.  This information is protected by international copyright law. No part of
 this information may be reproduced, stored in a retrieval system or transmitted in any form
 or by any means, electronic, mechanical, photocopying, recording or otherwise without prior
 permission from The UK Hydrographic Office, Admiralty Way, Taunton, TA1 2DN, United Kingdom
 (www.ukho.gov.uk). Data generated using algorithms developed by HM Nautical Almanac Office.
 

 Computed on  5-Mar-2019

 Köpmansgatan 8,                                           Longitude E013 00
                                                            Latitude   N55 34
 Times are in Standard time = GMT + 01h 00m                 Time zone -  1  0

  Civil Date   Twilight  Sunrise  Transit Shadow 1 Shadow 2  Sunset  Twilight    

 Year mth   d     h  m     h  m     h  m     h  m     h  m     h  m     h  m 
 2021   2  24    05 30    07 11    12 21    14 55    15 37    17 33    19 14
 2021   2  25    05 27    07 08    12 21    14 57    15 39    17 35    19 16
 2021   2  26    05 25    07 06    12 21    14 58    15 41    17 37    19 18
 2021   2  27    05 23    07 03    12 21    15 00    15 42    17 39    19 20
 2021   2  28    05 20    07 01    12 20    15 02    15 44    17 41    19 22
 2021   3   1    05 18    06 58    12 20    15 03    15 46    17 43    19 24
 2021   3   2    05 15    06 56    12 20    15 04    15 48    17 45    19 26
 2021   3   3    05 13    06 54    12 20    15 06    15 50    17 47    19 28
 2021   3   4    05 10    06 51    12 20    15 07    15 51    17 49    19 30
 2021   3   5    05 08    06 49    12 19    15 09    15 53    17 51    19 32
 2021   3   6    05 05    06 46    12 19    15 10    15 55    17 53    19 34
 2021   3   7    05 03    06 43    12 19    15 12    15 57    17 56    19 37
 2021   3   8    05 00    06 41    12 19    15 13    15 59    17 58    19 39
 2021   3   9    04 58    06 38    12 18    15 15    16 00    18 00    19 41
 2021   3  10    04 55    06 36    12 18    15 16    16 02    18 02    19 43
 2021   3  11    04 52    06 33    12 18    15 17    16 04    18 04    19 45
 2021   3  12    04 50    06 31    12 18    15 19    16 05    18 06    19 47
 2021   3  13    04 47    06 28    12 17    15 20    16 07    18 08    19 50
 2021   3  14    04 44    06 26    12 17    15 21    16 09    18 10    19 52
 2021   3  15    04 41    06 23    12 17    15 23    16 10    18 12    19 54
 2021   3  16    04 39    06 20    12 17    15 24    16 12    18 14    19 56
 2021   3  17    04 36    06 18    12 16    15 25    16 14    18 16    19 58
 2021   3  18    04 33    06 15    12 16    15 26    16 15    18 18    20 01
 2021   3  19    04 30    06 13    12 16    15 28    16 17    18 20    20 03
 2021   3  20    04 27    06 10    12 15    15 29    16 19    18 22    20 05
 2021   3  21    04 24    06 07    12 15    15 30    16 20    18 24    20 08
 2021   3  22    04 21    06 05    12 15    15 31    16 22    18 26    20 10
 2021   3  23    04 18    06 02    12 15    15 33    16 23    18 28    20 12
 2021   3  24    04 16    06 00    12 14    15 34    16 25    18 30    20 15
 2021   3  25    04 13    05 57    12 14    15 35    16 27    18 32    20 17
 2021   3  26    04 10    05 54    12 14    15 36    16 28    18 34    20 19
 2021   3  27    04 07    05 52    12 13    15 37    16 30    18 36    20 22
 2021   3  28    04 03    05 49    12 13    15 39    16 31    18 38    20 24
 2021   3  29    04 00    05 47    12 13    15 40    16 33    18 40    20 27
 2021   3  30    03 57    05 44    12 12    15 41    16 34    18 42    20 29
 2021   3  31    03 54    05 41    12 12    15 42    16 36    18 44    20 32
 2021   4   1    03 51    05 39    12 12    15 43    16 37    18 46    20 34

 Twilight = Times of Twilights when the altitude of the Sun is -15 00
 Shadow 1 = Times when the length of the shadow cast by a vertical stick is
            equal to its length plus length of its shadow at transit
 Shadow 2 = Times when the length of the shadow cast by a vertical stick is
            equal to twice its length plus length of its shadow at transit
 Transit  = Time of Meridian passage of Sun
 
 © Crown Copyright.  This information is protected by international copyright law. No part of
 this information may be reproduced, stored in a retrieval system or transmitted in any form
 or by any means, electronic, mechanical, photocopying, recording or otherwise without prior
 permission from The UK Hydrographic Office, Admiralty Way, Taunton, TA1 2DN, United Kingdom
 (www.ukho.gov.uk). Data generated using algorithms developed by HM Nautical Almanac Office.
 

 Computed on  5-Mar-2019